<<<<<<< HEAD
Epsilon 0e+00 1e-14 1e-12 1e-10 
Lewy   129   119    63     0
Prawy   156   146    82     0
Współlin.   715   735   855  1000

 174     0     0     0
 398     0     0     0
 428  1000  1000  1000

 506   452   132     0
 494   452   138     0
 0    96   730  1000

 479    15     0     0
 519   106     0     0
 2   879  1000  1000


=======
Epsilon 0e+00 1e-14 1e-12 1e-10 
Lewy   129   119    63     0
Prawy   156   146    82     0
Współlin.   715   735   855  1000

 174     0     0     0
 398     0     0     0
 428  1000  1000  1000

 506   452   132     0
 494   452   138     0
 0    96   730  1000

 479    15     0     0
 519   106     0     0
 2   879  1000  1000


>>>>>>> 64949d8e4987eddd33dd374ab4064aa9ba963b4f
