	10000	20000	30000	40000	50000	60000	70000	80000	90000	100000
Graham:	0.2306	0.4572	0.9278	0.9243	1.1824	1.6114	1.8662	2.4525	2.6701	2.8264	
Jarvis:	0.5178	0.7945	1.4738	1.9965	2.2294	3.4659	3.8551	4.5648	4.8977	6.2759	

	1000	2000	3000	4000	5000
Graham:	0.0258	0.0329	0.0677	0.0796	0.0843	
Jarvis:	1.0306	3.962	9.6113	16.426	25.1143		

	1000	2000	3000	4000	5000	6000	7000	8000	9000	10000
Graham:	0.0312	0.1159	0.3543	0.5985	0.8179	1.2223	1.2569	1.7012	2.2542	3.0322	
Jarvis:	0.0101	0.0303	0.0403	0.0708	0.0808	0.0808	0.0894	0.1034	0.1194	0.1639	
GrahMS:	0.0101	0.0405	0.0709	0.1013	0.0708	0.0807	0.101	0.1212	0.1313	0.1629	
	

	204	404	604	804	1004	1204	1404	1604	1804	2004
Graham:	0.058	0.3403	0.3747	0.4834	0.8555	1.5711	1.8395	2.2036	2.7958	3.431	
Jarvis:	0.0105	0.018	0.0217	0.0272	0.0381	0.0398	0.0473	0.0636	0.0868	0.0829	
GrahMS:	0.0145	0.0214	0.0318	0.0492	0.06	0.0736	0.0826	0.0987	0.1093	0.1284		


